159 6324
158 6284
157 6244
156 6204
155 6164
154 6124
153 6084
152 6044
151 6004
150 5964
149 5924
148 5884
147 5844
146 5804
145 5764
144 5724
143 5684
142 5644
141 5604
140 5564
139 5524
138 5484
137 5444
136 5404
135 5364
134 5324
133 5284
132 5244
131 5204
130 5164
129 5124
128 5084
127 5044
126 5004
125 4964
124 4924
123 4884
122 4844
121 4804
120 4764
119 4724
118 4684
117 4644
116 4604
115 4564
114 4524
113 4484
112 4444
111 4404
110 4364
109 4324
108 4284
107 4244
106 4204
105 4164
104 4124
103 4084
102 4044
101 4004
100 3964
99 3924
98 3884
97 3844
96 3804
95 3764
94 3724
93 3684
92 3644
91 3604
90 3564
89 3524
88 3484
87 3444
86 3404
85 3364
84 3324
83 3284
82 3244
81 3204
80 3164
79 3124
78 3084
77 3044
76 3004
75 2964
74 2924
73 2884
72 2844
71 2804
70 2764
69 2724
68 2684
67 2644
66 2604
65 2564
64 2524
63 2484
62 2444
61 2404
60 2364
59 2324
58 2284
57 2244
56 2204
55 2164
54 2124
53 2084
52 2044
51 2004
50 1964
49 1924
48 1884
47 1844
46 1804
45 1764
44 1724
43 1684
42 1644
41 1604
40 1564
39 1524
38 1484
37 1444
36 1404
35 1364
34 1324
33 1284
32 1244
31 1204
30 1164
29 1124
28 1084
27 1044
26 1004
25 964
24 924
23 884
22 844
21 804
20 764
19 724
18 684
17 644
16 604
15 564
14 524
13 484
12 444
11 404
10 364
9 324
8 284
7 244
6 204
5 164
4 124
3 84
2 44
1 4
0 0
40 1
80 2
120 3
160 4
200 5
240 6
280 7
320 8
360 9
400 10
440 11
480 12
520 13
560 14
600 15
640 16
680 17
720 18
760 19
800 20
840 21
880 22
920 23
960 24
1000 25
1040 26
1080 27
1120 28
1160 29
1200 30
1240 31
1280 32
1320 33
1360 34
1400 35
1440 36
1480 37
1520 38
1560 39
1600 40
1640 41
1680 42
1720 43
1760 44
1800 45
1840 46
1880 47
1920 48
1960 49
2000 50
2040 51
2080 52
2120 53
2160 54
2200 55
2240 56
2280 57
2320 58
2360 59
2400 60
2440 61
2480 62
2520 63
2560 64
2600 65
2640 66
2680 67
2720 68
2760 69
2800 70
2840 71
2880 72
2920 73
2960 74
3000 75
3040 76
3080 77
3120 78
3160 79
3200 80
3240 81
3280 82
3320 83
3360 84
3400 85
3440 86
3480 87
3520 88
3560 89
3600 90
3640 91
3680 92
3720 93
3760 94
3800 95
3840 96
3880 97
3920 98
3960 99
4000 100
4040 101
4080 102
4120 103
4160 104
4200 105
4240 106
4280 107
4320 108
4360 109
4400 110
4440 111
4480 112
4520 113
4560 114
4600 115
4640 116
4680 117
4720 118
4760 119
4800 120
4840 121
4880 122
4920 123
4960 124
5000 125
5040 126
5080 127
5120 128
5160 129
5200 130
5240 131
5280 132
5320 133
5360 134
5400 135
5440 136
5480 137
5520 138
5560 139
5600 140
5640 141
5680 142
5720 143
5760 144
5800 145
5840 146
5880 147
5920 148
5960 149
6000 150
6040 151
6080 152
6120 153
6160 154
6200 155
6240 156
6280 157
6320 158
6360 159
6364 160
