1 20000
1 20000
1 20000
1 20000
1 20000
1 20000
1 20000
1 20000
1 20000
1 20000
1 20000
1 20000
1 20000
1 20000
1 20000
1 20000
1 20000
1 20000
1 20000
1 20000
1 20000
1 20000
1 20000
1 20000
1 20000
1 20000
1 20000
1 20000
1 20000
1 20000
1 20000
1 20000
1 20000
1 20000
1 20000
1 20000
1 20000
1 20000
1 20000
1 20000
1 20000
1 20000
1 20000
1 20000
1 20000
1 20000
1 20000
1 20000
1 20000
1 20000
1 20000
1 20000
1 20000
1 20000
1 20000
1 20000
1 20000
1 20000
1 20000
1 20000
1 20000
1 20000
1 20000
1 20000
1 20000
1 20000
1 20000
1 20000
1 20000
1 20000
1 20000
1 20000
1 20000
1 20000
1 20000
1 20000
1 20000
1 20000
1 20000
1 20000
1 20000
1 20000
1 20000
1 20000
1 20000
1 20000
1 20000
1 20000
1 20000
1 20000
1 20000
1 20000
1 20000
1 20000
1 20000
1 20000
1 20000
1 20000
1 20000
1 20000
1 100
1 100
1 100
1 100
1 100
1 100
1 100
1 100
1 100
1 100
1 100
1 100
1 100
1 100
1 100
1 100
1 100
1 100
1 100
1 100
1 100
1 100
1 100
1 100
1 100
1 100
1 100
1 100
1 100
1 100
1 100
1 100
1 100
1 100
1 100
1 100
1 100
1 100
1 100
1 100
1 100
1 100
1 100
1 100
1 100
1 100
1 100
1 100
1 100
1 100
2 1
2 1
2 1
2 1
2 1
2 1
2 1
2 1
2 1
2 1
1 1
1 1
1 1
1 1
1 1
1 1
1 1
1 1
1 1
1 1
100 1
100 1
100 1
100 1
100 1
100 1
100 1
100 1
100 1
100 1
100 1
100 1
100 1
100 1
100 1
100 1
100 1
100 1
100 1
100 1
100 1
100 1
100 1
100 1
100 1
100 1
100 1
100 1
100 1
100 1
100 1
100 1
100 1
100 1
100 1
100 1
100 1
100 1
100 1
100 1
100 1
100 1
100 1
100 1
100 1
100 1
100 1
100 1
100 1
100 1
20000 1
20000 1
20000 1
20000 1
20000 1
20000 1
20000 1
20000 1
20000 1
20000 1
20000 1
20000 1
20000 1
20000 1
20000 1
20000 1
20000 1
20000 1
20000 1
20000 1
20000 1
20000 1
20000 1
20000 1
20000 1
20000 1
20000 1
20000 1
20000 1
20000 1
20000 1
20000 1
20000 1
20000 1
20000 1
20000 1
20000 1
20000 1
20000 1
20000 1
20000 1
20000 1
20000 1
20000 1
20000 1
20000 1
20000 1
20000 1
20000 1
20000 1
20000 1
20000 1
20000 1
20000 1
20000 1
20000 1
20000 1
20000 1
20000 1
20000 1
20000 1
20000 1
20000 1
20000 1
20000 1
20000 1
20000 1
20000 1
20000 1
20000 1
20000 1
20000 1
20000 1
20000 1
20000 1
20000 1
20000 1
20000 1
20000 1
20000 1
20000 1
20000 1
20000 1
20000 1
20000 1
20000 1
20000 1
20000 1
20000 1
20000 1
20000 1
20000 1
20000 1
20000 1
20000 1
20000 1
20000 1
20000 1
20000 1
20000 1
